-0.004385748502994
-1.298019121756487
-0.1832268263473054
0.2426780838323353
0.1863130938123752
-0.0576644710578842
0.1905364071856287
0.1351460279441118
0.0336240718562874
0.1848511776447106
0.2439775648702594
-0.0045481836327345
0.6476288622754491
0.0194922155688622
0.1111056287425149
0.0289134530938123
0.0443447904191616
0.0415833932135728
-0.0376849500998004
0.0199795209580838
0.1146792015968063
0.0368727744510978
0.0415833932135728
0.0014619161676646
0.1218263473053892
-0.0467813173652694
0.112080239520958
0.1788410778443113
-0.0103958483033932
0.0696846706586826
0.1801405588822355
-0.1556128542914171
-0.043207744510978
-0.0786186027944111
-0.1031463073852295
0.090476367265469
0.111755369261477
-0.0115328942115768
-0.0849535728542914
0.2969314171656687
0.047918363273453
-0.0009746107784431
-0.1307602794411177
-0.017867864271457
0.0142942914171656
0.0185176047904191
0.0596136926147704
-0.0815424351297405
0.1145167664670658
0.0493802794411177
-0.2538861077844311
0.1005473453093812
-0.0025989620758483
0.1419683033932135
0.0547406387225548
0.3261697405189621
-0.0362230339321357
-0.094862115768463
0.12832375249501
0.1947597205588822
0.6495780838323354
0.1093188423153692
1.0088845908183632
0.0209541317365269
-0.0357357285429141
-0.0649740518962075
0.0139694211576846
0.0334616367265469
0.056040119760479
0.0371976447105788
0.1465164870259481
-0.0443447904191616
-0.0514919361277445
0.0126699401197604
-0.0726085029940119
0.0888520159680638
0.0614004790419161
0.0643243113772455
0.1509022355289421
0.0833292215568862
-0.051654371257485
1.1916241117764472
0.0086090618762475
-0.099247864271457
0.4036512974051896
-0.0670857085828343
-0.0506797604790419
-0.1874501397205588
0.0438574850299401
0.167145748502994
-0.0264769261477045
-0.0501924550898203
0.1353084630738522
-0.0123450698602794
0.0173805588822355
0.0782937325349301
-0.0045481836327345
-0.1879374451097804
-0.0552279441117764
-0.154963113772455
-0.0323245908183632
-0.2108407984031936
0.0971362075848303
0.0445072255489022
-0.0521416766467065
0.3341290618762475
0.0438574850299401
0.0136445508982035
-0.1331968063872255
0.1232882634730539
0.3230834730538922
0.1406688223552894
0.0906388023952095
0.3151241516966068
0.0440199201596806
1.0433208383233532
0.1401815169660678
-0.0342738123752495
0.0017867864271457
0.0220911776447105
0.2639570858283433
0.0415833932135728
-0.1785162075848303
-0.03443624750499
0.2834493013972056
0.0612380439121756
-0.3674282634730539
0.1318973253493014
-0.1000600399201596
-0.2983933333333333
-0.1569123353293413
0.0896641916167664
-0.0038984431137724
0.0487305389221556
0.1145167664670658
-0.0393093013972055
0.1999576447105788
-0.0514919361277445
0.1372576846307385
0.1089939720558882
0.1057452694610778
0.1471662275449101
0.0069847105788423
-0.1885871856287425
0.2126275848303393
0.2210742115768463
0.0451569660678642
0.1109431936127744
-0.0056852295409181
0.1359582035928143
-0.0503548902195608
0.0012994810379241
-0.0549030738522954
0.13774499001996
0.1569123353293413
0.154963113772455
-0.0977859481037924
0.0224160479041916
-0.1738055888223553
0.0639994411177644
-0.0638370059880239
-0.0807302594810379
-0.013482115768463
0.0739079840319361
0.1340089820359281
0.1039584830339321
0.0112080239520958
0.0004873053892215
0.1666584431137724
0.0552279441117764
0.0100709780439121
-0.4436103393213573
-0.0529538522954091
0.1476535329341317
-0.2693174451097804
0.0029238323353293
0.0927504590818363
-0.2152265469061876
0.0181927345309381
-0.8352414371257485
0.0144567265469061
0.1237755688622754
-0.0313499800399201
0.3139871057884231
0.0987605588822355
0.0440199201596806
0.1018468263473054
-0.0136445508982035
0.060425868263473
-0.0903139321357285
0.2162011576846307
-0.0167308183632734
-0.0373600798403193
0.167795489021956
0.146191616766467
-0.1060701397205588
0.0313499800399201
0.060425868263473
-0.0552279441117764
0.167145748502994
0.0
0.05636499001996
-0.1530138922155688
-0.2306578842315369
0.1037960479041916
0.3230834730538922
0.0490554091816367
-0.0670857085828343
-0.1668208782435129
0.1281613173652694
0.030050499001996
0.1525265868263473
0.2449521756487026
0.0401214770459081
-0.1211766067864271
0.0899890618762475
0.0485681037924151
-0.0154313373253493
-0.0451569660678642
-0.0354108582834331
-0.0459691417165668
0.3885448303393213
-0.0599385628742514
-0.0016243512974051
-0.0937250698602794
0.1781913373253492
0.1106183233532934
-0.1460291816367265
-0.0105582834331337
0.0521416766467065
0.1174405988023952
0.2594089021956087
0.1858257884231536
0.0782937325349301
0.0717963273453093
-0.0191673453093812
0.175592375249501
0.0276139720558882
0.0128323752495009
-0.0141318562874251
-0.0420706986027944
-0.1343338522954091
0.0212790019960079
0.2101910578842315
-0.0141318562874251
-0.1068823153692614
0.1299481037924151
0.0107207185628742
-0.0384971257485029
0.0375225149700598
-0.0441823552894211
0.4947774051896207
-0.0669232734530938
-1.2044564870259482
0.0633497005988023
0.0055227944111776
-0.0581517764471057
-0.0165683832335329
-0.0232282235528942
0.1573996407185628
-0.2123027145708582
-0.1023341317365269
-0.0362230339321357
0.3485857884231537
-0.0089339321357285
0.1089939720558882
0.1096437125748503
-1.9006534530938124
-0.0393093013972055
0.124587744510978
-0.210028622754491
0.0282637125748503
-0.8211095808383234
0.1310851497005987
-0.132709500998004
-0.0505173253493013
0.0245277045908183
-0.1989830339321357
-0.141480998003992
-0.0032487025948103
0.2290335329341317
0.6882376447105788
0.0217663073852295
0.0082841916167664
0.0217663073852295
0.017542994011976
0.0670857085828343
-0.0501924550898203
0.3032663872255489
0.0342738123752495
0.1908612774451097
0.0342738123752495
0.2405664271457085
0.1673081836327345
0.0635121357285429
-0.1068823153692614
0.0583142115768463
-0.0982732534930139
0.0459691417165668
-0.1182527744510978
0.1518768463073852
-0.0021116566866267
0.077319121756487
0.0867403592814371
0.060425868263473
-0.1476535329341317
0.0742328542914171
0.0022740918163672
0.1517144111776447
0.1318973253493014
0.0060100998003992
0.1206893013972055
0.0274515369261477
0.1780289021956088
-0.0004873053892215
0.0245277045908183
0.1533387624750499
0.0128323752495009
-0.0451569660678642
0.1156538123752494
0.167145748502994
0.0250150099800399
-0.1905364071856287
0.0760196407185628
-0.2954695009980039
-0.0838165269461077
0.0440199201596806
0.0787810379241517
0.2001200798403193
-0.2832868662674651
0.1858257884231536
0.1323846307385229
-0.1528514570858283
0.1068823153692614
0.1544758083832335
0.1422931736526946
0.0181927345309381
-0.0727709381237525
-0.1450545708582834
-0.137095249500998
-0.0451569660678642
0.0089339321357285
-0.3597938123752495
-0.7361560079840319
0.3666160878243513
0.0073095808383233
-0.0064974051896207
0.1507398003992016
0.1093188423153692
-0.0034111377245508
0.3112257085828343
-0.0934001996007984
0.0893393213572854
0.0305378043912175
-0.017218123752495
-0.2446273053892215
0.1276740119760478
-0.0531162874251497
-0.6734560479041916
0.2728910179640718
0.0324870259481037
0.1349835928143712
-0.0316748502994011
-0.0937250698602794
-0.1855009181636726
0.0833292215568862
0.2342314570858283
-0.0048730538922155
-0.0618877844311377
0.0209541317365269
-0.0209541317365269
0.1573996407185628
0.0987605588822355
0.0544157684630738
-0.0527914171656686
0.0287510179640718
-0.072933373253493
0.013157245508982
0.1612980838323353
0.2949821956087824
0.0461315768463073
-0.0345986826347305
0.0016243512974051
-0.0326494610778443
0.1119178043912175
0.0946996806387225
-0.1318973253493014
0.0240403992015968
-0.0393093013972055
0.0833292215568862
0.0123450698602794
0.1344962874251496
0.0274515369261477
-0.0571771656686626
0.0255023153692614
0.1809527345309381
-0.0454818363273453
-0.1111056287425149
0.1362830738522954
0.2475511377245509
0.0001624351297405
-0.0115328942115768
0.0810551297405189
0.0373600798403193
0.0675730139720559
-0.210028622754491
-1.1021223552894213
0.1146792015968063
-0.0698471057884231
-0.0584766467065868
0.0248525748502994
-0.0633497005988023
0.0534411576846307
0.0242028343313373
-0.0107207185628742
0.1606483433133732
-0.0035735728542914
0.0921007185628742
0.030700239520958
0.179978123752495
0.0536035928143712
-0.0360605988023952
0.0337865069860279
0.9773721756487026
0.1999576447105788
-0.12832375249501
0.1109431936127744
0.2977435928143712
-0.0345986826347305
0.1340089820359281
0.0700095409181636
-0.1080193612774451
0.0334616367265469
-0.021603872255489
0.0882022754491018
0.0882022754491018
0.0094212375249501
0.0222536127744511
0.1663335728542914
-0.1244253093812375
0.0693598003992015
-0.1885871856287425
-0.043532614770459
0.0318372854291417
0.2157138522954091
0.055715249500998
-0.0610756087824351
-0.2300081437125748
0.1882623153692614
0.0532787225548902
0.0469437524950099
0.0542533333333333
0.2118154091816367
0.1307602794411177
0.0959991616766467
0.0626999600798403
-0.0656237924151696
-0.0282637125748503
0.0667608383233532
0.1757548103792415
0.1335216766467065
0.3956919760479042
-0.1697447105788423
0.0823546107784431
-0.1271867065868263
0.0690349301397205
0.2694798802395209
-0.1148416367265469
-0.0165683832335329
0.1197146906187624
0.0950245508982036
0.0956742914171656
0.0739079840319361
-0.0462940119760479
0.0474310578842315
0.0898266267465069
-0.1968713772455089
0.1232882634730539
-0.0696846706586826
-0.0232282235528942
-0.0726085029940119
0.0151064670658682
0.1109431936127744
0.0639994411177644
0.0212790019960079
0.0635121357285429
-0.0568522954091816
-0.0500300199600798
-0.0396341716566866
0.1310851497005987
-0.0568522954091816
-0.0016243512974051
-0.0282637125748503
0.0410960878243512
0.1301105389221556
0.0656237924151696
0.0661110978043912
0.1562625948103792
0.1452170059880239
0.0987605588822355
0.0203043912175648
0.0984356886227544
0.1125675449101796
0.0032487025948103
-0.0159186427145708
0.1522017165668662
-0.0570147305389221
0.1153289421157684
0.0183551696606786
0.0765069461077844
-0.1257247904191616
0.1013595209580838
-0.111430499001996
0.0495427145708582
0.0586390818363273
-0.0854408782435129
-0.0410960878243512
-0.0094212375249501
-0.1292983632734531
-0.0672481437125748
-0.0501924550898203
-0.013157245508982
0.0324870259481037
0.0592888223552894
0.0001624351297405
-0.0529538522954091
-0.0116953293413173
-0.2927081037924151
0.0625375249500998
-0.2436526946107784
0.0037360079840319
0.0454818363273453
0.1294607984031936
0.111430499001996
-0.0761820758483034
-0.0384971257485029
0.0011370459081836
0.0034111377245508
0.051979241516966
0.0779688622754491
-0.0623750898203592
0.0440199201596806
0.0168932534930139
-0.0118577644710578
0.1882623153692614
0.1411561277445109
0.1577245109780439
0.1512271057884231
0.1124051097804391
0.1535011976047904
0.0164059481037924
-0.0073095808383233
0.0298880638722554
0.1731558483033932
-0.0235530938123752
0.0537660279441117
0.0669232734530938
0.0555528143712574
0.0414209580838323
0.0016243512974051
0.107369620758483
-0.0961615968063872
0.0427204391217564
0.1002224750499002
0.0128323752495009
0.0929128942115768
0.1405063872255489
0.1668208782435129
0.0493802794411177
0.1273491417165668
0.0622126546906187
0.08138
0.1224760878243513
-0.1200395608782435
0.0501924550898203
0.0345986826347305
0.175592375249501
0.2311451896207584
0.1195522554890219
0.1322221956087824
0.0805678243512974
0.0896641916167664
0.0882022754491018
0.0199795209580838
-0.5181680638722554
0.1268618363273453
-0.0586390818363273
0.0266393612774451
0.1288110578842315
-0.1512271057884231
-0.0240403992015968
0.1595112974051896
0.0230657884231536
-0.0998976047904191
0.2519368862275449
0.0497051497005988
-0.0371976447105788
0.0998976047904191
0.0576644710578842
-0.0149440319361277
-0.0328118962075848
-0.051979241516966
-0.1041209181636726
0.1421307385229541
0.1383947305389221
-0.1094812774451097
-0.0870652295409181
-0.1174405988023952
-0.0511670658682634
-0.0027613972055888
0.0453194011976047
-0.3869204790419161
0.1169532934131736
-0.0687100598802395
0.1228009580838323
0.0495427145708582
0.0646491816367265
-0.0250150099800399
0.0238779640718562
0.0365479041916167
0.0734206786427145
0.1432677844311377
-0.0412585229540918
0.1494403193612774
0.0649740518962075
0.0591263872255489
-0.1366079441117764
-0.1617853892215568
0.0420706986027944
-0.1185776447105788
-0.1361206387225549
-0.0862530538922155
-0.1239380039920159
0.1767294211576846
0.060100998003992
-0.0001624351297405
-0.1109431936127744
-0.0704968463073852
0.0843038323353293
0.0079593213572854
-0.008771497005988
-0.0277764071856287
0.1526890219560878
-0.0155937724550898
0.0453194011976047
0.1382322954091816
-0.0445072255489022
0.128648622754491
0.1416434331337325
-0.0380098203592814
0.0206292614770459
0.0518168063872255
-0.2840990419161676
0.3567075449101796
-0.150577365269461
0.0760196407185628
0.0480807984031936
0.0004873053892215
0.0787810379241517
-0.1054203992015968
0.0448320958083832
0.111430499001996
0.1237755688622754
0.086415489021956
0.0199795209580838
0.2072672255489022
0.0794307784431137
0.1015219560878243
0.0112080239520958
-0.0493802794411177
-0.1716939321357285
0.060100998003992
0.0324870259481037
0.1429429141716566
0.0672481437125748
-0.0079593213572854
0.1548006786427145
-0.0461315768463073
-0.0268017964071856
-0.043207744510978
-0.1760796806387225
0.1932978043912175
-0.0633497005988023
0.1988205988023952
0.0584766467065868
0.1960592015968064
0.0893393213572854
-0.0573396007984031
0.0370352095808383
0.0458067065868263
0.0623750898203592
0.0521416766467065
0.1210141716566866
0.0734206786427145
0.2733783233532934
0.0716338922155688
0.1232882634730539
0.0126699401197604
-0.0194922155688622
0.0207916966067864
0.1268618363273453
-0.1192273852295409
0.1694198403193612
0.0251774451097804
0.0784561676646706
0.0315124151696606
-0.2035312175648702
-0.1088315369261477
0.1997952095808383
0.0116953293413173
-0.0336240718562874
0.1037960479041916
-0.1429429141716566
0.055715249500998
0.132709500998004
0.0129948103792415
0.2274091816367265
0.1294607984031936
-0.0477559281437125
-0.0105582834331337
-0.0526289820359281
0.1106183233532934
0.6159540119760479
0.1166284231536926
0.1622726946107784
0.0355732934131736
0.1375825548902195
0.1699071457085828
-0.0214414371257485
0.0441823552894211
0.2418659081836327
-0.072933373253493
0.0009746107784431
0.0974610778443113
-0.2233483033932135
-0.0477559281437125
0.0371976447105788
0.2007698203592814
-0.5412338522954091
0.0766693812375249
0.0118577644710578
-0.0964864670658682
0.1864755289421157
-0.1125675449101796
-0.0194922155688622
0.1395317764471058
0.0154313373253493
0.064161876247505
-0.1150040718562874
-0.0631872654690618
0.2124651497005988
0.0665984031936127
0.0501924550898203
0.2374801596806387
0.0071471457085828
0.0368727744510978
-0.0362230339321357
-0.0747201596806387
0.1754299401197604
0.1182527744510978
0.1700695808383233
-0.077643992015968
-0.0982732534930139
0.0412585229540918
0.1189025149700598
-0.0734206786427145
0.1439175249500998
0.2711042315369261
0.1840390019960079
0.1606483433133732
0.0084466267465069
-0.1042833532934131
-0.000324870259481
0.0899890618762475
0.6958720958083832
-0.0032487025948103
-0.1872877045908183
-0.0243652694610778
0.064161876247505
0.0761820758483034
0.0614004790419161
0.0737455489021956
-0.047918363273453
0.7223490219560877
0.1848511776447106
0.0268017964071856
0.0766693812375249
0.0909636726546906
0.0272891017964071
0.0690349301397205
-0.0846287025948103
0.1783537724550898
-0.0748825948103792
0.0524665469061876
0.0963240319361277
-0.0420706986027944
0.1395317764471058
0.210353493013972
-0.2160387225548902
-0.0419082634730538
1.1989336926147705
0.085765748502994
0.2574596806387225
-0.1215014770459081
0.2111656686626746
0.0025989620758483
0.0474310578842315
0.1068823153692614
0.1723436726546906
0.082029740518962
-0.0204668263473053
-0.0407712175648702
0.1716939321357285
0.000324870259481
-0.1099685828343313
-0.1349835928143712
-0.0311875449101796
0.1807902994011976
0.2179879441117764
0.0199795209580838
0.0665984031936127
0.6716692614770459
-0.0037360079840319
-0.0110455888223552
0.0133196806387225
-0.0167308183632734
0.0682227544910179
-0.0034111377245508
0.0363854690618762
0.0612380439121756
-0.0534411576846307
0.124262874251497
0.0830043512974051
-0.0917758483033932
0.1429429141716566
-0.0040608782435129
0.0968113373253493
-0.0147815968063872
-0.1255623552894211
-0.1198771257485029
-0.1086691017964071
-0.0441823552894211
-0.3848088223552894
0.0268017964071856
-0.0264769261477045
0.0618877844311377
-0.0565274251497006
0.1440799600798403
0.1328719361277445
0.038821996007984
-0.2355309381237524
0.2374801596806387
0.0287510179640718
0.437600239520958
-0.0060100998003992
0.0290758882235528
-0.4847064271457086
-0.017867864271457
0.068547624750499
0.0771566866267465
0.1861506586826347
0.1281613173652694
0.0232282235528942
0.0363854690618762
-0.0017867864271457
0.0279388423153692
0.0345986826347305
-0.0903139321357285
-0.0294007584830339
0.0412585229540918
0.0381722554890219
0.2343938922155688
-0.7710795608782435
0.1328719361277445
0.0151064670658682
0.1130548502994012
-0.0540908982035928
-0.6445425948103792
0.1234506986027944
0.3078145708582834
-0.1427804790419161
-0.2058053093812375
-0.11581624750499
-0.0737455489021956
0.1539885029940119
0.0323245908183632
0.1128924151696606
0.0089339321357285
-0.2061301796407185
0.0722836327345309
0.0022740918163672
-0.0847911377245509
0.0659486626746507
0.0121826347305389
0.0376849500998004
0.0536035928143712
-0.0578269061876247
-0.0449945309381237
0.0055227944111776
0.1000600399201596
0.0487305389221556
0.0678978842315369
0.0982732534930139
-0.1198771257485029
-0.0615629141716566
0.0355732934131736
0.035085988023952
0.0721211976047904
0.0497051497005988
0.055715249500998
-0.3461492614770459
0.1807902994011976
0.0911261077844311
-0.1065574451097804
-0.0206292614770459
0.2537236726546906
-0.1190649500998004
0.1721812375249501
0.0804053892215568
-0.0160810778443113
0.218475249500998
-0.0542533333333333
0.0149440319361277
0.0527914171656686
-0.1166284231536926
0.0017867864271457
-0.0180302994011976
0.0545782035928143
0.2540485429141716
0.1435926546906187
0.1885871856287425
0.0448320958083832
-0.5651118163672655
0.1411561277445109
-0.0367103393213572
0.1874501397205588
0.0412585229540918
0.1487905788423153
0.0839789620758483
-0.0261520558882235
0.0151064670658682
-0.0669232734530938
0.1020092614770459
-0.1638970459081836
-0.0012994810379241
0.0022740918163672
0.1812776047904191
-0.0355732934131736
0.1604859081836327
-0.2805254690618762
0.0120201996007984
0.0201419560878243
0.3063526546906188
-0.0368727744510978
0.0769942514970059
0.1569123353293413
-0.0506797604790419
0.1728309780439121
0.0076344510978043
0.0206292614770459
0.0217663073852295
0.1005473453093812
0.1731558483033932
-0.1296232335329341
0.0755323353293413
0.1106183233532934
0.1638970459081836
-0.0206292614770459
-0.2222112574850299
0.0532787225548902
1.412211017964072
0.1440799600798403
0.0571771656686626
-0.2108407984031936
0.0670857085828343
-0.1515519760479041
-0.2389420758483033
0.2329319760479042
0.1275115768463074
0.0324870259481037
0.0256647504990019
-0.0849535728542914
0.0332992015968063
0.0690349301397205
0.4444225149700598
-0.0651364870259481
-0.0001624351297405
-0.0628623952095808
0.0209541317365269
0.1278364471057884
0.0038984431137724
0.1479784031936127
0.0743952894211576
-0.0714714570858283
-0.0834916566866267
-0.8743883033932136
-0.1585366866267465
-0.0719587624750499
0.0893393213572854
0.0826794810379241
0.1978459880239521
0.0313499800399201
-0.0324870259481037
-0.0631872654690618
-0.0316748502994011
-0.0646491816367265
0.1063950099800399
0.1088315369261477
0.0549030738522954
-0.0209541317365269
-0.0025989620758483
0.013157245508982
-0.008771497005988
-0.2264345708582834
-0.1731558483033932
0.1271867065868263
0.021603872255489
0.1856633532934131
0.167470618762475
-0.0804053892215568
0.0151064670658682
-0.047918363273453
-0.179978123752495
0.055715249500998
0.0518168063872255
0.0370352095808383
-0.9716869461077844
0.0878774051896207
0.2678555289421157
0.0700095409181636
-0.1232882634730539
0.2507998403193612
0.1872877045908183
0.0972986427145708
0.0505173253493013
0.0211165668662674
0.0956742914171656
0.107369620758483
-0.0367103393213572
-0.0115328942115768
0.0103958483033932
0.0802429540918163
-0.0076344510978043
-0.0009746107784431
0.035085988023952
0.223510738522954
0.0071471457085828
1.792309221556886
0.0201419560878243
-0.0843038323353293
-0.0025989620758483
0.0760196407185628
-0.0859281836327345
0.082029740518962
-0.0511670658682634
0.6474664271457086
-0.0261520558882235
-0.0250150099800399
0.0804053892215568
0.1702320159680638
0.282637125748503
-0.2883223552894212
0.2095413173652694
0.1338465469061876
-0.0943748103792415
-0.0326494610778443
0.017867864271457
0.0155937724550898
0.0789434730538922
-0.1700695808383233
0.0994102994011976
0.1401815169660678
-0.0678978842315369
-0.0386595608782435
-0.0917758483033932
-0.0579893413173652
0.0917758483033932
0.0802429540918163
0.3516720558882235
0.0092588023952095
-0.0321621556886227
0.0232282235528942
-0.0851160079840319
0.1510646706586826
-0.021603872255489
-0.1340089820359281
0.2629824750499002
-0.0133196806387225
-0.0116953293413173
0.017867864271457
0.051654371257485
-0.1140294610778443
0.0974610778443113
0.1869628343313373
0.0326494610778443
0.0167308183632734
0.1078569261477045
0.4150217564870259
0.0584766467065868
-0.1562625948103792
-0.0565274251497006
-0.0576644710578842
0.0844662674650698
-0.0526289820359281
-0.0133196806387225
-0.2064550499001995
0.2308203193612774
0.1984957285429141
-0.0622126546906187
0.1080193612774451
0.223510738522954
0.0706592814371257
0.0204668263473053
0.0740704191616766
0.1080193612774451
-0.0194922155688622
0.0839789620758483
0.0358981636726546
0.056040119760479
0.0708217165668662
0.163409740518962
0.0230657884231536
0.120201996007984
0.1037960479041916
0.0368727744510978
0.1783537724550898
0.308301876247505
-0.0376849500998004
0.0188424750499002
-0.047918363273453
-0.0108831536926147
-0.0146191616766467
-0.042882874251497
-0.0201419560878243
0.2095413173652694
0.0508421956087824
0.2327695409181636
0.1660087025948103
0.0646491816367265
0.1093188423153692
0.0144567265469061
-0.0040608782435129
0.2763021556886227
-0.0141318562874251
0.0769942514970059
0.0752074650698602
0.0126699401197604
0.0128323752495009
0.0575020359281437
0.1481408383233532
0.2434902594810379
0.1096437125748503
0.0527914171656686
0.2241604790419161
0.0445072255489022
0.1535011976047904
-0.1190649500998004
0.1751050698602794
0.0682227544910179
0.1994703393213573
-0.1739680239520958
0.0188424750499002
-0.0342738123752495
0.539284630738523
-0.0497051497005988
0.1364455089820359
0.0380098203592814
-0.15025249500998
0.0367103393213572
-0.10330874251497
-0.0571771656686626
0.0662735329341317
-0.1338465469061876
0.1638970459081836
0.0485681037924151
0.0956742914171656
0.1052579640718563
0.0243652694610778
-0.1819273453093812
-0.2038560878243513
0.0094212375249501
-0.0719587624750499
0.0440199201596806
0.0955118562874251
0.1775415968063872
0.030050499001996
0.0103958483033932
0.0229033532934131
0.124587744510978
-0.0955118562874251
0.0488929740518962
-0.0232282235528942
0.0102334131736526
-0.3112257085828343
-0.0383346906187624
-0.0125075049900199
-0.1879374451097804
0.0534411576846307
0.1195522554890219
-0.0019492215568862
0.1500900598802395
0.1096437125748503
-0.0310251097804391
-0.0646491816367265
0.0513295009980039
-0.0922631536926147
-0.1387196007984031
-0.0268017964071856
-0.0838165269461077
0.0414209580838323
-0.0622126546906187
0.0722836327345309
-0.0004873053892215
-0.6758925748502994
-1.5285145708582837
0.0211165668662674
0.0927504590818363
0.137095249500998
-0.013157245508982
-0.0165683832335329
0.24414
-0.10330874251497
0.0501924550898203
-0.0243652694610778
-0.1470037924151696
-0.0255023153692614
0.0009746107784431
-0.1008722155688622
-0.0523041117764471
0.27857624750499
-0.7535365668662675
0.077319121756487
0.0802429540918163
-0.0716338922155688
0.1111056287425149
0.0768318163672654
0.0841413972055888
-0.0185176047904191
0.0662735329341317
-0.0074720159680638
-0.0501924550898203
0.0800805189620758
0.2339065868263473
0.0126699401197604
-0.0025989620758483
0.0961615968063872
0.0363854690618762
-0.0716338922155688
0.0485681037924151
0.2285462275449102
0.038821996007984
0.2085667065868263
0.0493802794411177
-0.0287510179640718
0.0384971257485029
-0.73242
0.0674105788423153
-0.0103958483033932
0.0149440319361277
-0.0422331337325349
-0.2194498602794411
0.0190049101796407
0.0614004790419161
-0.0136445508982035
1.5956002794411177
-0.0755323353293413
-0.1111056287425149
0.102983872255489
0.1967089421157684
0.0680603193612774
0.0339489421157684
0.1140294610778443
0.1107807584830339
0.0401214770459081
0.1783537724550898
0.0927504590818363
-0.1244253093812375
0.0227409181636726
0.0035735728542914
0.0040608782435129
0.013157245508982
0.009096367265469
-0.0787810379241517
0.0924255888223553
-0.0170556886227544
-0.4311028343313373
0.0787810379241517
0.0610756087824351
0.0173805588822355
0.1189025149700598
0.1039584830339321
0.0639994411177644
0.0027613972055888
0.0064974051896207
0.1179279041916167
0.1999576447105788
-0.0240403992015968
0.2202620359281437
0.0597761277445109
0.0433701796407185
-0.0206292614770459
-0.2443024351297405
0.1833892614770459
-0.0227409181636726
0.0237155289421157
0.1179279041916167
0.1229633932135728
0.0084466267465069
0.1262120958083832
-0.0329743313373253
-0.0224160479041916
0.0568522954091816
0.099247864271457
0.043207744510978
-0.0675730139720559
0.0968113373253493
0.0315124151696606
0.043532614770459
0.1583742514970059
0.1794908183632734
0.3076521357285429
-0.0466188822355289
-0.0626999600798403
-0.0805678243512974
0.0358981636726546
0.0639994411177644
0.1174405988023952
-0.0155937724550898
0.0074720159680638
-0.0527914171656686
0.0285885828343313
0.1210141716566866
0.0482432335329341
-0.0367103393213572
-0.0950245508982036
0.0302129341317365
-0.1431053493013972
1.4939158882235528
-0.0038984431137724
-0.0578269061876247
0.1487905788423153
0.7740033932135728
0.047268622754491
0.0872276646706586
0.0937250698602794
-0.2577845508982036
-0.0726085029940119
-0.043207744510978
0.3597938123752495
0.0636745708582834
0.1980084231536926
-0.0076344510978043
0.0454818363273453
0.1422931736526946
0.2230234331337325
0.042882874251497
0.1338465469061876
-0.0700095409181636
0.1892369261477045
0.0672481437125748
0.005035489021956
0.0180302994011976
0.2816625149700599
0.5841167265469062
0.0578269061876247
-0.0107207185628742
0.1279988822355289
0.0102334131736526
0.0232282235528942
0.1539885029940119
0.0381722554890219
-0.013157245508982
0.0506797604790419
0.1554504191616766
0.2213990818363273
-0.16276
-0.1291359281437125
0.0038984431137724
-0.3266570459081837
0.9588545708582836
-0.0865779241516966
0.0682227544910179
0.1422931736526946
-0.0859281836327345
0.0812175648702594
-0.0287510179640718
0.0852784431137724
0.0196546506986027
-0.0261520558882235
0.0675730139720559
0.0084466267465069
-0.2646068263473054
0.488604870259481
0.1910237125748503
-0.1036336127744511
-0.043207744510978
0.0456442714570858
-0.0693598003992015
-0.0657862275449101
0.0597761277445109
-0.1369328143712574
0.077643992015968
-0.0605883033932135
0.1422931736526946
0.1434302195608782
0.1124051097804391
0.0596136926147704
-0.120201996007984
-0.0537660279441117
-0.0878774051896207
0.2574596806387225
-0.051654371257485
-0.0240403992015968
0.0055227944111776
0.0877149700598802
-0.1232882634730539
0.0420706986027944
-0.0311875449101796
-0.1182527744510978
0.0596136926147704
0.0126699401197604
0.1353084630738522
-0.227246746506986
-0.0706592814371257
-0.0064974051896207
0.0433701796407185
0.111430499001996
0.3461492614770459
-1.3379781636726549
-0.0422331337325349
-0.0250150099800399
-0.0305378043912175
0.4986758483033932
0.1842014371257485
0.0232282235528942
0.0337865069860279
0.1388820359281437
0.13774499001996
-0.1396942115768463
-0.1476535329341317
-0.0938875049900199
0.09080123752495
0.7650694610778443
0.082029740518962
0.0417458283433133
0.0774815568862275
0.0615629141716566
-0.0445072255489022
-0.2507998403193612
0.0656237924151696
-0.2218863872255489
0.2264345708582834
0.0357357285429141
-0.000649740518962
0.1541509381237525
0.2860482634730539
0.1356333333333333
0.1112680638722554
0.1406688223552894
0.1101310179640718
0.0449945309381237
-0.0334616367265469
-0.0076344510978043
0.1536636327345309
0.0165683832335329
0.1829019560878243
0.0527914171656686
-0.0144567265469061
-0.0639994411177644
0.1011970858283433
-0.1699071457085828
0.1822522155688622
-0.1039584830339321
0.043207744510978
0.0224160479041916
0.1172781636726546
0.1044457884231536
0.0553903792415169
0.094862115768463
0.0389844311377245
0.0669232734530938
-0.0014619161676646
0.1111056287425149
0.0929128942115768
0.9487835928143712
0.0
-0.1307602794411177
0.1060701397205588
1.3577952495009982
0.201257125748503
0.0713090219560878
0.2433278243512974
0.099247864271457
0.7506127345309381
-0.0155937724550898
0.0591263872255489
0.1421307385229541
0.0212790019960079
-0.0061725349301397
-0.0438574850299401
0.0521416766467065
0.2722412774451098
0.1288110578842315
-0.1413185628742515
0.0336240718562874
-0.0451569660678642
0.2633073453093812
0.240079121756487
0.0167308183632734
0.0865779241516966
0.6369081437125749
0.0771566866267465
0.2961192415169661
0.0035735728542914
0.0523041117764471
0.205642874251497
0.2967689820359281
0.0594512574850299
-0.7457396806387225
0.5284014770459081
0.0659486626746507
-0.1801405588822355
0.1479784031936127
0.0139694211576846
-0.0272891017964071
0.072933373253493
0.0903139321357285
0.2261097005988024
-0.0287510179640718
0.0982732534930139
0.0578269061876247
0.0667608383233532
0.0938875049900199
0.0540908982035928
0.0396341716566866
0.0185176047904191
0.0316748502994011
-0.0155937724550898
0.008771497005988
0.3706769660678643
0.4848688622754491
0.0232282235528942
0.0318372854291417
0.1190649500998004
0.0870652295409181
0.133034371257485
-0.1318973253493014
-0.0753699001996008
-0.0084466267465069
-0.0448320958083832
0.167145748502994
0.1710441916167664
0.4518945309381237
-0.5290512175648703
-0.1218263473053892
-0.1395317764471058
0.0407712175648702
-0.0068222754491017
0.0997351696606786
-0.0927504590818363
-0.0194922155688622
0.0742328542914171
0.1760796806387225
0.0154313373253493
0.0282637125748503
0.0009746107784431
-0.0365479041916167
0.0207916966067864
-0.7795261876247506
-0.1816024750499001
-0.0446696606786427
0.1312475848303393
0.0795932135728542
0.2545358483033932
0.2334192814371257
0.1557752894211576
0.945859760479042
-0.0898266267465069
-0.043532614770459
0.0138069860279441
-0.0339489421157684
-0.0839789620758483
0.0368727744510978
0.0602634331337325
0.0815424351297405
0.1241004391217564
0.0654613572854291
0.1068823153692614
-0.086090618762475
-0.0445072255489022
0.1538260678642714
0.0458067065868263
0.0342738123752495
0.0357357285429141
0.0839789620758483
-0.0151064670658682
-0.0756947704590818
-0.0030862674650698
0.060425868263473
0.0553903792415169
-0.0133196806387225
-0.0185176047904191
-0.0116953293413173
0.3505350099800399
0.0436950499001996
0.1135421556886227
-0.1606483433133732
0.0925880239520958
0.0123450698602794
-0.0826794810379241
0.3251951297405189
0.0162435129740518
0.0937250698602794
0.0011370459081836
0.2204244710578842
0.1858257884231536
-0.0012994810379241
0.0711465868263473
-0.0144567265469061
0.1015219560878243
-0.0362230339321357
0.325844870259481
0.1039584830339321
0.0162435129740518
0.2196122954091816
0.0373600798403193
0.008771497005988
0.068547624750499
-0.017867864271457
0.7996681437125749
0.0471061876247505
0.0513295009980039
0.0830043512974051
0.1080193612774451
-0.0014619161676646
0.1021716966067864
0.0412585229540918
-0.1297856686626746
0.2430029540918163
0.1398566467065868
0.0683851896207584
0.0177054291417165
0.2290335329341317
-0.1081817964071856
-0.0024365269461077
0.1396942115768463
0.077319121756487
0.1840390019960079
-0.0963240319361277
0.1015219560878243
0.0484056686626746
0.1315724550898203
-0.0396341716566866
0.0549030738522954
-0.3830220359281437
0.1411561277445109
-0.0740704191616766
-0.10330874251497
0.0492178443113772
0.005035489021956
-0.0794307784431137
-0.0019492215568862
0.0110455888223552
0.1127299800399201
-0.1062325748502994
0.0888520159680638
0.0367103393213572
0.2738656287425149
-0.1096437125748503
0.0651364870259481
-0.0766693812375249
0.1796532534930139
-0.0064974051896207
-0.0064974051896207
-0.0591263872255489
-0.1000600399201596
0.1945972854291417
0.0297256287425149
0.1379074251497006
0.0461315768463073
0.1138670259481038
0.017542994011976
0.0617253493013972
0.1008722155688622
0.0755323353293413
0.1431053493013972
-0.0828419161676646
0.5423708982035929
-0.111755369261477
0.1864755289421157
-0.193135369261477
-0.0938875049900199
-0.873576127744511
-0.0800805189620758
0.2982308982035928
-0.047918363273453
-0.0384971257485029
0.0700095409181636
0.026314491017964
0.0938875049900199
-0.1015219560878243
-0.0506797604790419
0.154638243512974
0.0229033532934131
0.0027613972055888
-0.3107384031936127
0.0209541317365269
-0.0451569660678642
0.000649740518962
0.0578269061876247
-0.0490554091816367
0.0740704191616766
0.0774815568862275
-0.827282115768463
0.0394717365269461
0.073258243512974
-0.2795508582834331
0.0128323752495009
-0.0201419560878243
0.0755323353293413
-0.1278364471057884
0.1382322954091816
-0.1177654690618762
-0.0844662674650698
0.27857624750499
0.0747201596806387
-0.1054203992015968
0.0337865069860279
0.2878350499001996
0.1177654690618762
0.1790035129740519
0.1960592015968064
-0.0815424351297405
0.1003849101796407
-0.0493802794411177
-0.1551255489021956
0.1206893013972055
0.2136021956087824
-0.1903739720558882
-0.0505173253493013
-0.2766270259481038
-0.1167908582834331
-0.072933373253493
0.090151497005988
0.0328118962075848
0.1442423952095808
0.2574596806387225
-0.0605883033932135
0.0034111377245508
0.0709841516966067
0.1541509381237525
-0.0726085029940119
0.0349235528942115
0.2420283433133732
-0.2217239520958083
0.0220911776447105
0.1088315369261477
0.1046082235528942
0.1556128542914171
-0.2823122554890219
-0.1262120958083832
-0.0407712175648702
-0.112080239520958
0.116141117764471
0.2152265469061876
0.0423955688622754
0.2602210778443113
0.0012994810379241
0.1710441916167664
0.081704870259481
-0.0833292215568862
0.0818673053892215
-0.0224160479041916
-0.0893393213572854
-0.0500300199600798
-0.0315124151696606
0.081704870259481
0.1145167664670658
0.0849535728542914
-0.0066598403193612
0.2412161676646706
0.0269642315369261
0.0748825948103792
0.274515369261477
-0.1357957684630738
0.2069423552894211
0.0162435129740518
-0.0061725349301397
0.1354708982035928
0.0823546107784431
0.0404463473053892
0.0456442714570858
-0.0670857085828343
0.2428405189620758
0.1281613173652694
0.1965465069860279
-0.0469437524950099
0.133359241516966
-0.0295631936127744
0.0794307784431137
0.0199795209580838
-0.0212790019960079
-0.0295631936127744
0.0341113772455089
0.0422331337325349
0.0626999600798403
-0.0682227544910179
0.0678978842315369
0.1106183233532934
0.030700239520958
-0.145541876247505
-0.0357357285429141
-0.0846287025948103
0.1336841117764471
0.0583142115768463
1.3564957684630738
-0.0922631536926147
0.3783114171656687
0.0766693812375249
0.0750450299401197
-0.1366079441117764
-0.1863130938123752
0.0193297804391217
0.1526890219560878
-1.441611776447106
-0.0406087824351297
-0.030375369261477
0.4431230339321357
0.1833892614770459
0.0222536127744511
-0.1292983632734531
-0.013482115768463
0.1343338522954091
-0.0581517764471057
0.0667608383233532
0.0885271457085828
0.1125675449101796
0.2074296606786427
0.1065574451097804
-0.030700239520958
-0.0893393213572854
-0.4986758483033932
0.3003425548902195
0.0459691417165668
0.1997952095808383
0.0683851896207584
0.0549030738522954
0.1010346506986027
-0.0818673053892215
0.0068222754491017
0.0272891017964071
0.098922994011976
0.1565874650698603
-0.0838165269461077
0.0125075049900199
0.1042833532934131
0.0977859481037924
-0.1015219560878243
0.1432677844311377
0.1325470658682634
0.2207493413173652
0.1518768463073852
-0.098598123752495
0.10330874251497
0.1146792015968063
0.1310851497005987
0.0422331337325349
0.034761117764471
-0.0792683433133732
0.0305378043912175
0.2961192415169661
0.0459691417165668
-0.0266393612774451
0.1336841117764471
0.0779688622754491
-0.0769942514970059
-0.1635721756487025
0.0055227944111776
-0.3761997604790419
-0.1000600399201596
0.0155937724550898
0.6953847904191617
-0.111755369261477
-0.0365479041916167
0.3406264670658682
-0.0807302594810379
0.0032487025948103
0.0750450299401197
0.1466789221556886
-0.0537660279441117
0.102983872255489
0.0670857085828343
-0.0157562075848303
0.1829019560878243
0.0040608782435129
0.0147815968063872
0.073583113772455
0.0352484231536926
0.1533387624750499
0.1393693413173652
-0.0963240319361277
0.0667608383233532
0.1427804790419161
0.2158762874251497
0.0017867864271457
0.2603835129740519
-0.055715249500998
-0.0064974051896207
0.0404463473053892
0.1398566467065868
-0.0854408782435129
0.0053603592814371
0.6417811976047905
0.0761820758483034
0.0217663073852295
0.0628623952095808
0.0261520558882235
-0.0510046307385229
0.0661110978043912
0.094537245508982
0.0755323353293413
-0.0207916966067864
0.1041209181636726
0.0029238323353293
0.004385748502994
0.0206292614770459
0.1738055888223553
0.0011370459081836
0.0726085029940119
-0.0862530538922155
0.0916134131736527
0.1733182834331337
0.120526866267465
0.0750450299401197
-0.004710618762475
-0.072933373253493
0.0001624351297405
0.038821996007984
-0.1016843912175648
0.5347364471057885
-0.0121826347305389
-0.8849465868263473
0.030700239520958
0.086415489021956
0.0612380439121756
0.1416434331337325
0.0706592814371257
0.1833892614770459
0.026314491017964
-0.0784561676646706
0.0477559281437125
0.0899890618762475
-0.1229633932135728
-0.0834916566866267
0.060750738522954
0.0480807984031936
-0.0342738123752495
0.1301105389221556
0.0084466267465069
0.1063950099800399
0.0157562075848303
0.0149440319361277
-0.0162435129740518
-0.0677354491017964
0.0495427145708582
0.2397542514970059
-0.0795932135728542
0.1486281437125748
0.1093188423153692
-0.1060701397205588
-0.0064974051896207
0.0471061876247505
0.0821921756487025
0.0477559281437125
0.0467813173652694
-0.0230657884231536
0.0196546506986027
-0.0493802794411177
-0.047918363273453
0.0034111377245508
0.0678978842315369
0.1228009580838323
0.0061725349301397
0.0739079840319361
0.0375225149700598
0.2979060279441118
0.0448320958083832
0.0448320958083832
-0.1622726946107784
0.1898866666666666
0.1151665069860279
0.1372576846307385
0.707080119760479
-0.0565274251497006
0.2200996007984032
0.158699121756487
0.124587744510978
0.154313373253493
0.0615629141716566
-0.0412585229540918
-0.1068823153692614
0.0240403992015968
0.4268795209580838
-0.0514919361277445
-0.1301105389221556
0.112080239520958
0.2766270259481038
-0.424118123752495
0.0670857085828343
0.0029238323353293
0.1137045908183632
0.1047706586826347
0.1062325748502994
-0.0838165269461077
0.0622126546906187
0.2412161676646706
0.0118577644710578
0.0839789620758483
-0.098922994011976
-0.291408622754491
-0.0201419560878243
-0.0597761277445109
-0.0667608383233532
-0.107694491017964
0.0038984431137724
-0.0410960878243512
0.0237155289421157
-0.0022740918163672
0.0630248303393213
0.0521416766467065
0.3550831936127744
0.0188424750499002
0.1041209181636726
0.5168685828343313
0.1783537724550898
0.038821996007984
0.0787810379241517
-0.0932377644710578
0.5381475848303393
-0.0924255888223553
0.1279988822355289
0.1034711776447105
0.042882874251497
-0.1154913772455089
0.0045481836327345
0.0484056686626746
0.0711465868263473
0.3180479840319361
-0.0287510179640718
0.0654613572854291
-0.0024365269461077
0.0214414371257485
0.1271867065868263
-0.0155937724550898
0.1562625948103792
0.1409936926147704
-0.0588015169660678
0.0573396007984031
0.1104558882235529
0.2345563273453093
-0.0211165668662674
-0.0155937724550898
-0.0029238323353293
0.0839789620758483
0.2516120159680639
-0.2495003592814371
0.179978123752495
0.0154313373253493
0.0501924550898203
0.1034711776447105
0.0795932135728542
-0.0162435129740518
-0.1513895409181636
0.0285885828343313
-0.0633497005988023
-0.0126699401197604
0.0615629141716566
0.0589639520958083
0.0407712175648702
0.3584943313373253
-0.0972986427145708
0.1840390019960079
-0.0727709381237525
-0.0144567265469061
0.0188424750499002
0.0994102994011976
0.1063950099800399
-0.0222536127744511
-0.1645467864271457
0.1713690618762475
-0.0100709780439121
0.2175006387225549
0.2486881836327345
-0.5839542914171657
0.0146191616766467
0.4648893413173652
-0.5735584431137724
-0.1281613173652694
-0.0924255888223553
0.1078569261477045
0.0917758483033932
0.0761820758483034
0.1278364471057884
0.1603234730538922
-0.0209541317365269
0.0284261477045908
0.1500900598802395
0.0165683832335329
0.0360605988023952
0.0628623952095808
-0.0545782035928143
0.0406087824351297
0.1182527744510978
-0.0810551297405189
0.0838165269461077
-0.0828419161676646
0.0110455888223552
0.1820897804391217
-0.0224160479041916
0.0588015169660678
0.2379674650698602
-0.154638243512974
0.0162435129740518
0.0677354491017964
0.0121826347305389
0.0279388423153692
-0.0324870259481037
0.1228009580838323
0.0510046307385229
0.0332992015968063
0.1515519760479041
-0.081704870259481
-0.0198170858283433
0.0851160079840319
-0.047918363273453
-0.0451569660678642
-0.0032487025948103
-0.0334616367265469
0.1640594810379241
0.2119778443113772
0.1266994011976047
0.0727709381237525
0.0883647105788423
0.0998976047904191
-0.0159186427145708
0.1320597604790419
0.0646491816367265
0.0420706986027944
-0.0657862275449101
0.0151064670658682
-0.227246746506986
0.1749426347305389
0.2246477844311377
-0.0095836726546906
0.0716338922155688
-0.0545782035928143
0.0724460678642714
0.2095413173652694
-0.0466188822355289
-0.0415833932135728
-0.210028622754491
0.0799180838323353
0.1466789221556886
-0.0511670658682634
-0.0510046307385229
0.0958367265469061
0.0086090618762475
0.1065574451097804
0.1336841117764471
0.0485681037924151
0.0368727744510978
-0.0229033532934131
0.1760796806387225
-0.0873900998003992
0.0012994810379241
0.0791059081836327
-0.0204668263473053
0.0243652694610778
0.0677354491017964
-0.0183551696606786
0.0014619161676646
-0.0459691417165668
0.1046082235528942
0.1036336127744511
0.1539885029940119
0.1177654690618762
0.0355732934131736
0.1265369660678642
0.0230657884231536
-0.1582118163672654
-0.2176630738522954
0.4177831536926147
0.1299481037924151
0.0505173253493013
0.0693598003992015
-0.0599385628742514
-0.0022740918163672
0.1804654291417165
-0.1221512175648702
-0.0664359680638722
0.0898266267465069
0.0828419161676646
0.3359158483033932
0.0183551696606786
0.0004873053892215
-0.0721211976047904
0.0745577245508982
-0.1604859081836327
0.0206292614770459
-0.1015219560878243
0.099247864271457
-0.0448320958083832
0.137420119760479
0.1106183233532934
-0.0706592814371257
0.0191673453093812
0.2543734131736527
-0.0440199201596806
0.1060701397205588
1.2159893812375249
0.5729087025948104
0.1518768463073852
0.1112680638722554
-0.0324870259481037
0.1989830339321357
0.2157138522954091
0.1556128542914171
0.2816625149700599
-0.137095249500998
-0.0734206786427145
-0.0323245908183632
0.0477559281437125
-0.0144567265469061
0.1310851497005987
-0.1124051097804391
0.0921007185628742
0.1851760479041916
0.1239380039920159
0.1721812375249501
-0.0503548902195608
0.0209541317365269
0.0462940119760479
0.0589639520958083
-0.1111056287425149
-1.2090046706586828
0.0562025548902195
-0.0461315768463073
0.0799180838323353
0.0380098203592814
-0.0277764071856287
-0.0055227944111776
0.0651364870259481
0.0518168063872255
-0.0139694211576846
0.2153889820359281
0.2355309381237524
-0.0256647504990019
0.0747201596806387
-0.1585366866267465
0.0631872654690618
-0.1661711377245509
0.1487905788423153
0.0321621556886227
0.0186800399201596
-0.0969737724550898
0.1833892614770459
0.038821996007984
0.0695222355289421
0.3934178842315369
-0.0792683433133732
0.1197146906187624
0.2852360878243513
-0.0612380439121756
0.4195699401197604
-0.0082841916167664
0.2301705788423153
0.0289134530938123
0.197521117764471
0.0165683832335329
0.1119178043912175
0.0214414371257485
0.1479784031936127
-0.0878774051896207
-0.223510738522954
-0.0282637125748503
0.0077968862275449
0.0896641916167664
0.0810551297405189
-0.0417458283433133
0.218475249500998
0.0566898602794411
-0.2249726546906187
0.2134397604790419
0.1666584431137724
-0.1996327744510978
0.1400190818363273
0.0339489421157684
-0.0719587624750499
0.2477135728542914
0.0060100998003992
-0.0883647105788423
-0.689537125748503
0.2233483033932135
-0.03443624750499
0.0321621556886227
-0.1385571656686627
0.1068823153692614
0.2030439121756486
0.0349235528942115
0.1573996407185628
-0.0144567265469061
0.0077968862275449
-0.0792683433133732
0.0821921756487025
0.847911377245509
0.0826794810379241
-0.0077968862275449
0.0756947704590818
0.1911861477045908
0.0462940119760479
-0.0545782035928143
0.6269996007984031
0.1612980838323353
0.300180119760479
0.0237155289421157
-0.1728309780439121
-0.0898266267465069
0.0276139720558882
0.1616229540918163
0.0562025548902195
0.1252374850299401
0.005035489021956
0.291733493013972
0.1292983632734531
0.0851160079840319
0.0443447904191616
-0.0756947704590818
0.0511670658682634
-0.0891768862275449
0.0311875449101796
0.0665984031936127
0.1023341317365269
0.0662735329341317
0.2123027145708582
0.1595112974051896
-0.1561001596806387
0.0409336526946107
0.0527914171656686
0.081704870259481
0.2022317365269461
0.2282213572854291
-0.0594512574850299
-0.0492178443113772
-0.073258243512974
-0.128973493013972
0.141480998003992
-0.0514919361277445
0.0375225149700598
0.0380098203592814
-0.0211165668662674
-0.1244253093812375
0.1642219161676646
-0.26606874251497
-0.0518168063872255
0.3919559680638722
0.0462940119760479
0.0550655089820359
0.0129948103792415
-0.0016243512974051
0.0308626746506986
0.0747201596806387
0.1018468263473054
0.0250150099800399
-0.1034711776447105
-0.9221442315369262
0.1275115768463074
-0.0713090219560878
-0.072933373253493
-0.0527914171656686
0.0618877844311377
0.0596136926147704
-0.0256647504990019
-0.1138670259481038
-0.0737455489021956
-0.0334616367265469
-0.0277764071856287
0.1262120958083832
-0.2162011576846307
0.0128323752495009
0.0284261477045908
-0.0953494211576846
0.0695222355289421
1.4037643912175648
0.0726085029940119
0.1929729341317365
0.0326494610778443
0.0906388023952095
-0.1962216367265469
0.030050499001996
0.0662735329341317
-0.0295631936127744
0.8643173253493014
0.0237155289421157
0.8587945309381237
0.1104558882235529
0.0589639520958083
0.0034111377245508
0.19719624750499
0.0014619161676646
0.0125075049900199
0.1897242315369261
0.0360605988023952
-0.205642874251497
0.291408622754491
-0.1187400798403193
-0.1372576846307385
-0.2001200798403193
-0.6018221556886227
0.0217663073852295
0.2162011576846307
0.9945902994011976
-0.0716338922155688
0.0768318163672654
0.0784561676646706
0.0209541317365269
-0.0214414371257485
-0.0670857085828343
-0.0074720159680638
0.0406087824351297
0.3830220359281437
-0.0462940119760479
0.0318372854291417
0.6948974850299401
0.0825170459081836
-0.0232282235528942
-0.0324870259481037
0.0297256287425149
-0.1807902994011976
-0.0040608782435129
0.2969314171656687
0.1366079441117764
-0.0466188822355289
0.2035312175648702
-0.0183551696606786
0.2430029540918163
-0.0167308183632734
0.299530379241517
-0.0151064670658682
0.2722412774451098
0.1083442315369261
-0.0446696606786427
0.0670857085828343
0.1176030339321357
0.02192874251497
0.0825170459081836
0.0009746107784431
0.1344962874251496
0.0823546107784431
0.0552279441117764
-0.0207916966067864
0.0371976447105788
0.1288110578842315
0.1356333333333333
0.107694491017964
0.0844662674650698
0.0896641916167664
-0.0048730538922155
0.0550655089820359
-0.3243829540918164
0.0370352095808383
0.009096367265469
0.120526866267465
-0.6997705389221557
0.3822098602794411
-0.0917758483033932
0.0004873053892215
-0.06887249500998
0.0537660279441117
0.0651364870259481
-0.0334616367265469
0.1383947305389221
-0.2066174850299401
0.0045481836327345
0.2062926147704591
0.0917758483033932
0.0828419161676646
0.1731558483033932
0.0631872654690618
-0.0665984031936127
0.0389844311377245
0.0095836726546906
1.0231788822355288
0.4250927345309381
0.0693598003992015
-0.0116953293413173
0.1276740119760478
0.2027190419161676
0.0099085429141716
0.1379074251497006
0.1440799600798403
0.1234506986027944
-0.0818673053892215
0.4678131736526946
0.1054203992015968
0.0675730139720559
0.0998976047904191
0.0094212375249501
-0.3053780439121756
-0.0846287025948103
0.4263922155688622
0.1153289421157684
-0.6185529740518962
0.0151064670658682
-0.1213390419161676
0.2824746906187624
0.2296832734530938
0.0638370059880239
0.1361206387225549
-0.0995727345309381
0.0019492215568862
0.0066598403193612
0.0583142115768463
0.184363872255489
-0.150577365269461
-0.0367103393213572
0.0566898602794411
-0.0329743313373253
-0.116141117764471
0.1497651896207585
0.0389844311377245
0.0800805189620758
-0.0578269061876247
-0.0188424750499002
0.0713090219560878
0.1150040718562874
0.094212375249501
-0.2462516566866267
-0.0099085429141716
0.2186376846307385
0.0316748502994011
0.176242115768463
0.0752074650698602
0.0490554091816367
0.1816024750499001
0.0168932534930139
0.0821921756487025
0.0727709381237525
-0.0511670658682634
0.1011970858283433
-0.0373600798403193
0.0518168063872255
0.0459691417165668
0.1910237125748503
0.0092588023952095
0.0687100598802395
0.1845263073852295
0.2827995608782435
-0.0711465868263473
0.0142942914171656
0.1624351297405189
-0.0055227944111776
0.0768318163672654
0.0069847105788423
-0.0927504590818363
0.1573996407185628
0.8797486626746507
-0.2274091816367265
0.0639994411177644
0.0722836327345309
-0.0846287025948103
-0.1101310179640718
-0.0220911776447105
-0.0266393612774451
-0.0266393612774451
-0.2084042714570858
-0.0397966067864271
0.047593493013972
0.2157138522954091
0.124912614770459
0.0833292215568862
0.6409690219560878
-0.0791059081836327
-0.0617253493013972
-0.1673081836327345
0.1026590019960079
0.0740704191616766
0.0295631936127744
0.3238956487025948
0.0821921756487025
-0.025989620758483
0.0188424750499002
-0.0921007185628742
-0.1936226746506986
-0.1094812774451097
0.0357357285429141
0.4575797604790418
0.0618877844311377
0.0891768862275449
-0.1137045908183632
-0.043532614770459
-0.2602210778443113
0.0977859481037924
0.1427804790419161
0.0586390818363273
0.0545782035928143
-0.0277764071856287
0.1695822754491018
-0.0199795209580838
0.1223136526946107
-0.9832198403193612
0.0440199201596806
-0.0272891017964071
-0.0076344510978043
0.1007097804391217
0.1705568862275449
0.0237155289421157
-0.1906988423153692
0.0514919361277445
0.3872453493013972
0.051654371257485
-0.0839789620758483
0.08138
-0.0271266666666666
0.0037360079840319
-0.0318372854291417
-0.133034371257485
-0.0709841516966067
-0.1039584830339321
-0.2368304191616766
0.055715249500998
0.15025249500998
0.0782937325349301
0.0243652694610778
0.0329743313373253
0.0419082634730538
0.2507998403193612
0.1008722155688622
0.1483032734530938
-0.0789434730538922
0.1021716966067864
0.047918363273453
0.0349235528942115
-0.0051979241516966
-0.0365479041916167
-0.1915110179640718
-0.0063349700598802
0.0846287025948103
0.0929128942115768
0.0443447904191616
-0.0004873053892215
0.0971362075848303
0.0034111377245508
0.1372576846307385
0.0856033133732535
0.1635721756487025
0.0545782035928143
-0.0423955688622754
-0.0959991616766467
0.1916734530938123
0.0779688622754491
-0.342738123752495
0.1341714171656686
0.1093188423153692
0.0290758882235528
-0.0116953293413173
-0.0089339321357285
-0.107694491017964
0.0938875049900199
-0.0414209580838323
0.0381722554890219
-0.0224160479041916
0.2860482634730539
0.0084466267465069
-0.3352661077844311
0.1457043113772455
0.0844662674650698
0.1838765668662674
0.0324870259481037
0.0120201996007984
0.0155937724550898
-0.0118577644710578
-0.0761820758483034
-0.0272891017964071
0.0274515369261477
-0.0349235528942115
-0.0240403992015968
0.1536636327345309
-0.0690349301397205
-0.0909636726546906
0.0500300199600798
0.1851760479041916
0.0318372854291417
0.1504149301397205
0.0061725349301397
-0.1190649500998004
-0.0511670658682634
-0.1822522155688622
0.0544157684630738
0.0056852295409181
-0.060750738522954
-0.1275115768463074
-0.005035489021956
0.0670857085828343
0.1840390019960079
0.0328118962075848
0.0282637125748503
-0.0726085029940119
0.0937250698602794
-0.0596136926147704
-0.0617253493013972
0.0527914171656686
0.0730958083832335
0.06887249500998
0.1916734530938123
0.0056852295409181
0.0477559281437125
-0.124587744510978
0.021603872255489
0.021603872255489
0.1226385229540918
0.1842014371257485
0.0025989620758483
-0.0703344111776447
0.1039584830339321
0.1315724550898203
-0.008771497005988
0.1435926546906187
0.051979241516966
-0.1018468263473054
-0.0539284630738522
-0.0261520558882235
0.1729934131736527
0.2842614770459082
0.0506797604790419
0.0264769261477045
-0.0594512574850299
0.0410960878243512
-0.1728309780439121
0.1266994011976047
0.2032063473053892
0.0084466267465069
-0.4647269061876247
-0.047268622754491
-0.0138069860279441
-0.2387796407185628
0.0099085429141716
-0.0206292614770459
0.0706592814371257
0.0485681037924151
0.0495427145708582
0.0505173253493013
-0.107369620758483
0.0678978842315369
0.0032487025948103
0.2365055489021956
0.0323245908183632
-0.0081217564870259
0.1322221956087824
0.1068823153692614
0.0922631536926147
0.0964864670658682
0.1065574451097804
-0.1548006786427145
-0.0808926946107784
-0.0659486626746507
-0.0389844311377245
0.2183128143712574
0.0445072255489022
0.1733182834331337
0.0979483832335329
0.0854408782435129
0.1541509381237525
0.2720788423153693
0.0969737724550898
-0.0060100998003992
0.0294007584830339
0.0615629141716566
0.0105582834331337
0.1003849101796407
0.1255623552894211
0.1055828343313373
0.0100709780439121
0.0825170459081836
-0.1538260678642714
0.1809527345309381
0.1599986027944112
0.128973493013972
-0.0151064670658682
-0.0331367664670658
0.0878774051896207
-0.0255023153692614
0.0950245508982036
0.1739680239520958
-0.0882022754491018
-0.0651364870259481
-0.043532614770459
-0.0162435129740518
0.0279388423153692
-0.0165683832335329
-0.1487905788423153
-0.0682227544910179
-0.0701719760479041
-0.0656237924151696
0.0185176047904191
0.0149440319361277
-0.0895017564870259
0.0659486626746507
-0.1007097804391217
0.1156538123752494
-0.3024542115768463
-0.004385748502994
0.8339419560878244
0.0
0.1182527744510978
-0.0695222355289421
0.2527490618762475
0.0717963273453093
-0.0017867864271457
-0.0709841516966067
0.0423955688622754
0.1794908183632734
-0.0402839121756487
-0.1741304590818363
0.102983872255489
0.0477559281437125
0.0617253493013972
-0.1138670259481038
-0.0009746107784431
0.0
-0.0232282235528942
0.043207744510978
0.0399590419161676
-0.1318973253493014
-0.0492178443113772
0.2010946906187624
0.0748825948103792
0.1682827944111776
0.0154313373253493
-0.0909636726546906
0.047918363273453
0.0217663073852295
-0.1895617964071856
0.1028214371257485
-0.0332992015968063
0.154638243512974
0.133359241516966
0.1262120958083832
-0.7792013173652695
-0.0721211976047904
0.0657862275449101
0.1137045908183632
0.0622126546906187
0.1561001596806387
0.0128323752495009
0.1484657085828343
0.2002825149700599
-0.0665984031936127
0.2343938922155688
-0.1557752894211576
0.0012994810379241
0.0316748502994011
0.0583142115768463
0.0017867864271457
0.043207744510978
0.1091564071856287
-0.0745577245508982
0.1517144111776447
-0.2974187225548902
0.060425868263473
0.2431653892215568
0.1150040718562874
-0.1296232335329341
0.0125075049900199
-0.021603872255489
0.0514919361277445
0.0529538522954091
0.1660087025948103
0.0250150099800399
-0.0454818363273453
-0.0487305389221556
0.154963113772455
-0.0378473852295409
0.1367703792415169
0.0220911776447105
0.0159186427145708
-0.1252374850299401
0.1099685828343313
0.0497051497005988
-0.0605883033932135
-0.0588015169660678
-0.0071471457085828
0.0841413972055888
0.0126699401197604
-0.0318372854291417
-0.0661110978043912
0.0173805588822355
0.0737455489021956
-0.0765069461077844
0.2183128143712574
0.0661110978043912
-0.0066598403193612
0.0339489421157684
0.1185776447105788
0.1367703792415169
0.1601610379241516
0.0384971257485029
0.0643243113772455
-0.0214414371257485
0.2454394810379241
-0.124912614770459
0.0151064670658682
-0.1101310179640718
0.3878950898203592
0.1085066666666666
0.120201996007984
0.2028814770459082
0.069197365269461
-1.1721318962075848
0.1791659481037924
-0.0142942914171656
0.0921007185628742
-0.2860482634730539
-0.0022740918163672
-0.047918363273453
-0.0240403992015968
-0.4254176047904192
0.1323846307385229
0.005035489021956
0.236018243512974
0.2267594411177644
-0.0105582834331337
-0.0594512574850299
-0.0056852295409181
-0.0748825948103792
-0.0704968463073852
0.1400190818363273
0.3989406786427146
0.0540908982035928
0.0334616367265469
0.0667608383233532
0.1305978443113772
-0.0162435129740518
0.0051979241516966
-0.1195522554890219
-0.0742328542914171
0.0932377644710578
0.1487905788423153
0.1115929341317365
-1.0374731736526948
-0.0756947704590818
0.5795685429141716
-0.008771497005988
0.1375825548902195
-0.021603872255489
0.0123450698602794
0.0069847105788423
0.0323245908183632
1.3134504590818363
0.0646491816367265
0.1124051097804391
0.0048730538922155
0.0467813173652694
0.1996327744510978
0.0518168063872255
-0.008771497005988
0.0768318163672654
-0.2006073852295409
-0.0004873053892215
0.0342738123752495
0.0662735329341317
-0.0510046307385229
0.1874501397205588
-0.0526289820359281
0.1523641516966068
0.1354708982035928
0.0157562075848303
0.0024365269461077
0.0342738123752495
0.1817649101796407
0.1684452295409181
-0.0836540918163672
-0.0032487025948103
0.0987605588822355
0.201906866267465
0.0256647504990019
0.064161876247505
-0.0071471457085828
-0.0212790019960079
0.0891768862275449
0.1299481037924151
0.0974610778443113
0.1388820359281437
0.0883647105788423
-0.1874501397205588
0.0588015169660678
0.0529538522954091
0.0661110978043912
-0.0937250698602794
-0.0549030738522954
0.1435926546906187
0.12832375249501
0.098922994011976
0.1905364071856287
0.0623750898203592
-0.0539284630738522
-0.0073095808383233
-0.1439175249500998
0.0927504590818363
0.0579893413173652
-0.0721211976047904
-0.1765669860279441
0.0129948103792415
-0.0818673053892215
0.3435502994011976
0.000649740518962
0.0683851896207584
-0.184363872255489
-0.073583113772455
0.0235530938123752
-0.0173805588822355
0.0157562075848303
-0.1790035129740519
-0.0053603592814371
-0.0427204391217564
0.0243652694610778
0.0155937724550898
0.0115328942115768
0.0714714570858283
-0.0211165668662674
0.1000600399201596
0.0016243512974051
0.1963840718562874
-0.0427204391217564
-0.0292383233532934
0.1171157285429141
-0.0594512574850299
-0.0425580039920159
-0.1325470658682634
0.1109431936127744
0.0423955688622754
0.1005473453093812
0.1463540518962075
0.0994102994011976
-0.0495427145708582
0.0222536127744511
0.1500900598802395
-0.0872276646706586
0.1107807584830339
-0.0748825948103792
-0.0661110978043912
0.107369620758483
0.1266994011976047
0.0177054291417165
-0.0961615968063872
-0.0371976447105788
-0.0063349700598802
0.0740704191616766
0.0529538522954091
0.0963240319361277
0.1653589620758483
-0.0596136926147704
0.4064126946107784
0.0722836327345309
0.0012994810379241
0.1396942115768463
0.0844662674650698
-0.1115929341317365
0.0162435129740518
-0.0938875049900199
0.0471061876247505
-0.2304954491017964
-0.0345986826347305
0.167470618762475
-0.0170556886227544
-0.0209541317365269
0.0354108582834331
0.0264769261477045
-0.0081217564870259
0.236018243512974
0.0449945309381237
0.0222536127744511
-0.1638970459081836
0.0048730538922155
0.0474310578842315
0.2962816766467065
0.0404463473053892
0.16276
0.068547624750499
0.1533387624750499
0.0051979241516966
0.2256223952095808
0.0880398403193612
-0.0716338922155688
0.146191616766467
-0.4699248303393213
-0.2136021956087824
0.1232882634730539
-0.0490554091816367
-0.1141918962075848
-0.0852784431137724
-0.1554504191616766
0.0032487025948103
0.1583742514970059
0.1268618363273453
-0.0620502195608782
0.2634697804391218
-0.0142942914171656
0.1228009580838323
-0.0903139321357285
-0.0867403592814371
0.0220911776447105
-0.0678978842315369
-0.2334192814371257
0.0565274251497006
0.085765748502994
-0.0501924550898203
0.1876125748502994
-0.1279988822355289
0.1288110578842315
0.0313499800399201
-0.0998976047904191
1.0377980439121757
0.0998976047904191
0.1460291816367265
0.19719624750499
0.0878774051896207
-0.0961615968063872
-0.0040608782435129
0.1705568862275449
0.0505173253493013
0.1089939720558882
0.8315054291417165
-0.1322221956087824
0.1682827944111776
0.1533387624750499
0.0549030738522954
-0.1507398003992016
0.0289134530938123
0.7679932934131737
-0.008771497005988
0.0009746107784431
0.1296232335329341
-0.0099085429141716
0.0896641916167664
0.0763445109780439
-0.0040608782435129
0.0394717365269461
0.2850736526946107
-0.0505173253493013
-0.0183551696606786
-0.0121826347305389
-0.1128924151696606
0.1343338522954091
0.0422331337325349
-0.133034371257485
0.0294007584830339
-0.1309227145708583
0.0401214770459081
0.188424750499002
-0.0784561676646706
0.0229033532934131
0.0672481437125748
-0.0323245908183632
0.0664359680638722
-0.3175606786427145
-0.1078569261477045
0.0160810778443113
0.0646491816367265
0.0305378043912175
0.0474310578842315
0.1569123353293413
0.218800119760479
0.124587744510978
0.0575020359281437
-0.0256647504990019
-0.021603872255489
-0.1115929341317365
-0.1409936926147704
-0.068547624750499
-0.0539284630738522
-0.0133196806387225
0.1101310179640718
-0.158699121756487
-0.0438574850299401
0.19719624750499
0.1559377245508982
-0.1468413572854291
0.0836540918163672
-0.1978459880239521
0.1422931736526946
0.1372576846307385
0.3417635129740519
-0.0311875449101796
-0.0211165668662674
0.0471061876247505
-0.0940499401197604
-0.0342738123752495
-0.2451146107784431
0.0843038323353293
0.2061301796407185
0.0626999600798403
0.0756947704590818
0.3052156087824351
-0.5058229940119761
0.1858257884231536
0.0255023153692614
0.056040119760479
0.0089339321357285
-0.8021046706586826
-0.0955118562874251
-0.0193297804391217
0.055715249500998
-0.0253398802395209
-0.030050499001996
0.0903139321357285
-0.1723436726546906
-0.0752074650698602
0.0584766467065868
0.0316748502994011
-0.0929128942115768
0.3026166467065868
0.0063349700598802
-0.043207744510978
1.21436502994012
0.0930753293413173
0.0787810379241517
0.0162435129740518
0.1096437125748503
-0.0110455888223552
0.0794307784431137
0.1167908582834331
0.1351460279441118
-0.1119178043912175
-0.1513895409181636
-0.0066598403193612
0.0966489021956087
0.0740704191616766
-0.11581624750499
-0.047268622754491
0.0578269061876247
0.625375249500998
0.1140294610778443
-0.0383346906187624
0.0107207185628742
-0.0313499800399201
0.0553903792415169
-0.0217663073852295
0.0084466267465069
0.0253398802395209
-0.0095836726546906
-0.0094212375249501
0.1146792015968063
0.064161876247505
0.0009746107784431
-0.03443624750499
0.0553903792415169
-0.124587744510978
0.1276740119760478
0.1320597604790419
0.1085066666666666
-0.0558776846307385
-0.0436950499001996
0.1047706586826347
0.3057029141716567
0.1021716966067864
0.1054203992015968
0.2902715768463074
0.0956742914171656
0.197521117764471
-0.0427204391217564
0.1078569261477045
0.0912885429141716
-0.017218123752495
-0.0170556886227544
-0.1673081836327345
-0.1379074251497006
0.1885871856287425
0.159023992015968
0.1041209181636726
0.2750026746506986
0.1210141716566866
0.3828596007984032
0.0177054291417165
-0.8726015169660679
0.0311875449101796
0.1781913373253492
-0.0912885429141716
-0.0917758483033932
-0.0677354491017964
0.1960592015968064
0.008771497005988
-0.0537660279441117
-0.0082841916167664
-0.0323245908183632
0.0238779640718562
0.1804654291417165
0.0245277045908183
0.1585366866267465
0.0394717365269461
0.025989620758483
0.0545782035928143
0.1829019560878243
0.102983872255489
0.1772167265469062
-0.1721812375249501
0.1078569261477045
0.1486281437125748
0.3383523752495009
0.0896641916167664
0.1223136526946107
-0.10330874251497
0.2084042714570858
0.145541876247505
-0.0066598403193612
-0.0693598003992015
-0.1050955289421157
-0.0536035928143712
0.047268622754491
-0.0316748502994011
0.1790035129740519
0.081704870259481
0.0713090219560878
0.0474310578842315
-0.0492178443113772
-0.1111056287425149
0.0683851896207584
-0.0363854690618762
0.0133196806387225
0.039146866267465
-0.0828419161676646
0.0977859481037924
-0.0612380439121756
0.1167908582834331
-0.235693373253493
0.0071471457085828
0.1676330538922155
-0.0186800399201596
0.2641195209580838
-0.1419683033932135
-0.0011370459081836
-0.0589639520958083
-0.0703344111776447
0.1044457884231536
0.1673081836327345
-0.1533387624750499
0.0471061876247505
-0.0880398403193612
0.0745577245508982
0.0240403992015968
0.0883647105788423
-0.0410960878243512
0.094537245508982
0.0012994810379241
-1.2910344111776448
0.0282637125748503
-0.0443447904191616
-0.1561001596806387
0.6473039920159681
-0.0701719760479041
-0.0027613972055888
0.0181927345309381
0.0721211976047904
-0.2863731337325349
-0.0386595608782435
0.133359241516966
0.1390444710578842
0.0537660279441117
-0.0217663073852295
0.0261520558882235
0.1252374850299401
0.1096437125748503
-0.0833292215568862
-0.0914509780439121
-0.0009746107784431
0.0397966067864271
0.0810551297405189
0.0038984431137724
0.0844662674650698
-0.2451146107784431
0.0665984031936127
0.120201996007984
0.4359758882235529
0.0084466267465069
0.1484657085828343
0.0402839121756487
0.0510046307385229
0.0833292215568862
-0.073258243512974
-0.0610756087824351
-0.0297256287425149
0.3074897005988024
-1.335866506986028
0.0836540918163672
0.2069423552894211
-0.017867864271457
0.0867403592814371
0.0826794810379241
0.1016843912175648
0.0375225149700598
-0.1301105389221556
-0.0495427145708582
-0.0159186427145708
0.073583113772455
0.0225784830339321
-0.0555528143712574
0.1616229540918163
-0.0118577644710578
0.6903493013972055
-0.2124651497005988
-0.0703344111776447
0.702044630738523
-0.2709417964071856
-0.0903139321357285
0.0977859481037924
0.0360605988023952
-0.064486746506986
0.1080193612774451
0.1403439520958083
0.1419683033932135
0.0670857085828343
-0.0711465868263473
-0.0638370059880239
0.2850736526946107
0.047918363273453
0.0610756087824351
-0.4850312974051896
0.025989620758483
0.1598361676646706
-0.0009746107784431
0.1588615568862275
-0.0349235528942115
-0.1054203992015968
0.0342738123752495
-0.0373600798403193
0.1307602794411177
0.3529715369261477
0.0232282235528942
-0.0445072255489022
-0.0378473852295409
-0.0016243512974051
-0.0185176047904191
0.7442777644710579
0.0652989221556886
0.0526289820359281
0.1851760479041916
0.1156538123752494
-0.0310251097804391
-0.2605459481037924
-0.0873900998003992
0.0295631936127744
0.0255023153692614
0.0459691417165668
0.2127900199600798
0.1063950099800399
-0.1015219560878243
0.0462940119760479
-0.1187400798403193
0.0154313373253493
0.201581996007984
0.0833292215568862
0.1530138922155688
0.0352484231536926
0.0982732534930139
0.321459121756487
-0.0123450698602794
-0.1976835528942115
0.1466789221556886
-0.0454818363273453
-0.1171157285429141
0.0511670658682634
0.0761820758483034
-0.2408912974051896
-0.0753699001996008
0.000324870259481
-0.167795489021956
-0.0599385628742514
0.12832375249501
0.1119178043912175
0.0384971257485029
-0.0506797604790419
-0.009096367265469
0.0022740918163672
0.0656237924151696
0.0748825948103792
0.1638970459081836
0.1107807584830339
-0.0082841916167664
0.0747201596806387
0.0396341716566866
-0.072933373253493
-0.1122426746506985
0.0631872654690618
-0.0419082634730538
-0.2215615169660678
1.447297005988024
0.0979483832335329
0.7803383632734531
0.0011370459081836
0.107369620758483
-0.1471662275449101
0.0930753293413173
0.2480384431137724
-0.3333168862275449
0.0190049101796407
-0.0198170858283433
1.0459198003992014
-0.0095836726546906
0.0152689021956087
0.1783537724550898
0.0521416766467065
0.0867403592814371
0.3273067864271457
-0.0846287025948103
0.299530379241517
0.0833292215568862
0.094212375249501
0.0678978842315369
0.0544157684630738
-0.0605883033932135
0.133034371257485
0.7597091017964072
0.10330874251497
-0.017218123752495
-0.0695222355289421
-0.0305378043912175
0.005035489021956
-0.3506974451097804
0.1023341317365269
0.3146368463073852
-0.5581271057884232
0.0451569660678642
0.0652989221556886
0.1052579640718563
0.1976835528942115
0.1215014770459081
0.0383346906187624
-0.5959744910179641
0.0037360079840319
-0.0906388023952095
0.0987605588822355
0.0618877844311377
0.1112680638722554
0.150577365269461
-0.128973493013972
-0.0575020359281437
-0.3240580838323353
0.0537660279441117
0.0500300199600798
0.0337865069860279
0.1224760878243513
0.1154913772455089
-0.0639994411177644
0.1559377245508982
-0.0477559281437125
0.1124051097804391
-0.0120201996007984
-0.0292383233532934
-0.0255023153692614
-0.1182527744510978
0.0661110978043912
0.0834916566866267
0.0859281836327345
0.0203043912175648
-0.1393693413173652
-0.0831667864271457
0.1767294211576846
0.1101310179640718
0.0217663073852295
-0.0001624351297405
-0.0255023153692614
0.796906746506986
0.0555528143712574
0.4069
-0.0451569660678642
-0.0014619161676646
0.0932377644710578
0.0349235528942115
0.1323846307385229
0.0084466267465069
-0.2110032335329341
0.0250150099800399
-0.1895617964071856
0.0828419161676646
0.3581694610778443
0.1094812774451097
0.1424556087824351
-0.1163035528942115
-0.0328118962075848
-0.0484056686626746
0.1960592015968064
0.0721211976047904
0.0446696606786427
0.0240403992015968
0.0800805189620758
0.0888520159680638
0.9435856686626748
0.038821996007984
0.0943748103792415
-0.120526866267465
-0.034761117764471
0.154963113772455
-0.1596737325349301
0.0071471457085828
-0.1208517365269461
0.1314100199600798
-0.0032487025948103
-0.2737031936127744
0.1699071457085828
-0.1232882634730539
0.1331968063872255
0.3138246706586826
-0.0110455888223552
-0.0878774051896207
0.0147815968063872
0.0573396007984031
0.0107207185628742
-0.0129948103792415
0.0652989221556886
0.0950245508982036
0.1539885029940119
0.1470037924151696
0.244464870259481
0.0570147305389221
0.192810499001996
0.1681203592814371
0.0799180838323353
-0.1224760878243513
-0.0420706986027944
0.1143543313373253
-0.1572372055888223
0.0521416766467065
-0.0542533333333333
0.0812175648702594
0.0334616367265469
-0.1869628343313373
0.1687700998003992
-0.1070447504990019
0.1020092614770459
0.0591263872255489
0.2218863872255489
-0.1200395608782435
0.0199795209580838
0.0188424750499002
0.0282637125748503
-0.2628200399201597
-0.2899467065868263
0.1473286626746507
-0.0623750898203592
-0.0019492215568862
-0.1328719361277445
0.1426180439121756
-0.0488929740518962
-0.1080193612774451
-0.0326494610778443
0.1236131337325349
-0.0488929740518962
0.0159186427145708
0.0345986826347305
-0.5024118562874251
0.1897242315369261
-0.090476367265469
0.0186800399201596
0.004385748502994
0.1094812774451097
-0.1042833532934131
-0.1231258283433133
0.1494403193612774
0.0170556886227544
0.0034111377245508
-0.0323245908183632
-0.1822522155688622
-0.0238779640718562
0.0423955688622754
0.0488929740518962
-0.0921007185628742
0.0412585229540918
0.0833292215568862
0.0190049101796407
0.0345986826347305
0.2150641117764471
0.0812175648702594
-0.0614004790419161
0.1775415968063872
-0.0779688622754491
0.4574173253493014
0.0238779640718562
-0.1346587225548902
-0.1000600399201596
0.120526866267465
0.0818673053892215
0.1781913373253492
0.1650340918163672
0.0289134530938123
-0.0542533333333333
0.1955718962075848
-0.0164059481037924
0.0807302594810379
0.0492178443113772
0.0888520159680638
0.0120201996007984
-0.08138
0.1526890219560878
0.1432677844311377
-0.047918363273453
0.0410960878243512
0.0162435129740518
0.03443624750499
0.7597091017964072
0.2030439121756486
0.5253152095808383
0.064486746506986
-0.0151064670658682
0.0298880638722554
-0.1037960479041916
-0.0536035928143712
-0.0232282235528942
-0.0126699401197604
0.0467813173652694
-0.0678978842315369
-0.2183128143712574
-0.0021116566866267
0.0982732534930139
0.149927624750499
-0.0581517764471057
0.0639994411177644
-0.1473286626746507
-0.0294007584830339
0.0375225149700598
0.0782937325349301
0.0048730538922155
0.030700239520958
-0.0972986427145708
-0.0774815568862275
0.004385748502994
-0.0427204391217564
0.0555528143712574
-0.1556128542914171
0.0217663073852295
0.0349235528942115
0.0349235528942115
-0.0407712175648702
-0.0771566866267465
-0.0105582834331337
0.0060100998003992
-0.0268017964071856
0.0523041117764471
-0.2051555688622754
0.2108407984031936
-0.0165683832335329
-0.000649740518962
-0.0133196806387225
0.0294007584830339
0.2373177245508982
0.0929128942115768
-0.2285462275449102
-0.0243652694610778
0.0693598003992015
0.0089339321357285
-0.175917245508982
0.1037960479041916
-0.1536636327345309
-0.0008121756487025
-0.0722836327345309
0.4202196806387225
0.0849535728542914
0.0805678243512974
-0.3206469461077844
0.124587744510978
0.0227409181636726
0.0924255888223553
-0.0938875049900199
-0.0209541317365269
0.0766693812375249
0.0651364870259481
0.0562025548902195
0.0276139720558882
-0.0571771656686626
-0.0633497005988023
0.1236131337325349
0.0271266666666666
0.1146792015968063
-0.1099685828343313
0.0664359680638722
0.1304354091816367
-0.0834916566866267
0.000649740518962
0.004385748502994
-0.2293584031936127
0.1015219560878243
0.025989620758483
-0.0255023153692614
0.1244253093812375
0.0021116566866267
0.1101310179640718
-0.0841413972055888
-0.0220911776447105
-0.0095836726546906
0.1388820359281437
0.0025989620758483
0.0498675848303393
0.137095249500998
0.0443447904191616
-0.0959991616766467
0.1111056287425149
0.0371976447105788
0.2111656686626746
0.0011370459081836
0.0588015169660678
0.0526289820359281
0.0453194011976047
-0.0209541317365269
0.0329743313373253
0.0420706986027944
0.0552279441117764
0.0061725349301397
0.236018243512974
-0.0147815968063872
0.0833292215568862
-0.1405063872255489
-0.0440199201596806
0.2366679840319361
0.0120201996007984
0.0675730139720559
0.4596914171656686
-0.0012994810379241
-0.0708217165668662
-0.0456442714570858
0.0717963273453093
0.0617253493013972
-0.0527914171656686
0.0899890618762475
0.6604612375249501
-0.0204668263473053
0.1174405988023952
0.0001624351297405
-0.0129948103792415
-0.0618877844311377
0.1190649500998004
0.0891768862275449
-0.0394717365269461
-0.000649740518962
0.1111056287425149
-0.1583742514970059
0.0035735728542914
-0.0888520159680638
0.1059077045908183
0.0682227544910179
-0.0086090618762475
-0.5553657085828343
-0.0378473852295409
0.0971362075848303
0.0339489421157684
0.0412585229540918
0.8652919361277446
-0.0430453093812375
0.2277340518962076
0.0079593213572854
0.0966489021956087
0.0339489421157684
-0.1115929341317365
0.2983933333333333
0.0787810379241517
0.1263745309381237
-0.3003425548902195
-0.1231258283433133
-0.0292383233532934
-0.039146866267465
0.0578269061876247
-0.0230657884231536
-0.0133196806387225
-0.0422331337325349
0.2196122954091816
0.0229033532934131
0.0466188822355289
-0.0276139720558882
-0.0082841916167664
-0.0706592814371257
0.0677354491017964
-0.013157245508982
0.0157562075848303
0.1341714171656686
0.0578269061876247
-0.0393093013972055
-0.0573396007984031
0.0446696606786427
0.0651364870259481
0.1104558882235529
-0.0510046307385229
0.1270242714570858
0.1523641516966068
0.0752074650698602
0.1294607984031936
0.1778664670658682
-0.0177054291417165
-0.047918363273453
0.2001200798403193
0.0505173253493013
0.073258243512974
0.0232282235528942
0.077643992015968
-0.055715249500998
-0.030375369261477
0.0833292215568862
0.0846287025948103
0.0882022754491018
-0.1387196007984031
0.0073095808383233
-0.0982732534930139
0.0656237924151696
-0.0248525748502994
-0.0890144510978044
0.159023992015968
-0.1223136526946107
0.1276740119760478
-0.098598123752495
-0.0152689021956087
0.0068222754491017
0.0550655089820359
0.1400190818363273
-0.2902715768463074
0.1786786427145708
0.0074720159680638
0.0448320958083832
-0.0553903792415169
0.1122426746506985
0.0628623952095808
-0.4583919361277445
0.2067799201596806
0.3878950898203592
0.0843038323353293
-0.2210742115768463
0.0963240319361277
0.0337865069860279
-0.0183551696606786
-0.0843038323353293
-0.189074491017964
0.0116953293413173
0.0076344510978043
-1.4255306986027942
0.1444048303393213
-0.0157562075848303
0.0063349700598802
-0.0501924550898203
-0.0027613972055888
-0.1713690618762475
-0.0105582834331337
0.0154313373253493
-0.2598962075848303
-0.0203043912175648
0.0998976047904191
0.0950245508982036
0.0326494610778443
-0.0937250698602794
0.073583113772455
0.1606483433133732
0.0578269061876247
0.0605883033932135
0.2179879441117764
0.0575020359281437
0.0051979241516966
0.0677354491017964
-0.4364631936127744
0.0082841916167664
-0.0396341716566866
0.0144567265469061
0.1049330938123752
0.0056852295409181
0.0484056686626746
0.1351460279441118
0.1057452694610778
-0.2382923353293413
0.2839366067864271
0.0501924550898203
0.0251774451097804
0.0987605588822355
-0.1993079041916167
-0.0583142115768463
0.0497051497005988
-0.0154313373253493
0.1323846307385229
0.1460291816367265
-1.439175249500998
0.0578269061876247
-0.1393693413173652
-0.1179279041916167
0.4283414371257485
0.1080193612774451
0.0651364870259481
0.0073095808383233
-0.1265369660678642
-0.0882022754491018
-0.0329743313373253
-0.0969737724550898
-0.0549030738522954
0.0110455888223552
-0.0011370459081836
0.1085066666666666
-0.0222536127744511
0.1154913772455089
0.0706592814371257
-0.1523641516966068
1.23320750499002
-0.0466188822355289
-0.0488929740518962
0.0235530938123752
0.0461315768463073
0.0393093013972055
0.0448320958083832
0.0501924550898203
0.0311875449101796
0.0095836726546906
0.026314491017964
-0.2155514171656686
-0.0462940119760479
-0.0545782035928143
0.0281012774451097
-0.0069847105788423
-0.0064974051896207
-0.1000600399201596
-0.0415833932135728
0.1749426347305389
0.0255023153692614
0.0701719760479041
0.0706592814371257
-0.137095249500998
0.0810551297405189
0.0555528143712574
-0.0409336526946107
0.2261097005988024
0.0878774051896207
-0.4155090618762475
0.0066598403193612
0.2754899800399201
0.0225784830339321
0.0294007584830339
-0.1005473453093812
0.2317949301397205
0.0142942914171656
-0.0064974051896207
0.0393093013972055
0.0882022754491018
-0.3974787624750499
-0.0328118962075848
0.0315124151696606
0.0830043512974051
0.094862115768463
0.0568522954091816
0.0242028343313373
-0.0107207185628742
-0.0896641916167664
0.1107807584830339
0.3394894211576846
-0.1140294610778443
0.0513295009980039
-0.1179279041916167
0.0077968862275449
0.1156538123752494
0.1694198403193612
0.0256647504990019
0.2025566067864271
-0.4023518163672654
0.0116953293413173
0.0830043512974051
-0.051979241516966
0.0368727744510978
0.0661110978043912
0.060100998003992
1.743091377245509
0.0212790019960079
-0.0342738123752495
0.149927624750499
0.2212366467065868
0.0677354491017964
0.0441823552894211
-0.0360605988023952
0.0342738123752495
0.0675730139720559
0.1383947305389221
0.1791659481037924
-0.1278364471057884
-0.1023341317365269
0.107369620758483
0.0139694211576846
0.0899890618762475
0.0617253493013972
-0.0186800399201596
0.1253999201596806
-0.2772767664670658
0.0974610778443113
0.7926834331337326
0.0895017564870259
-0.0246901397205588
-0.1775415968063872
0.1703944510978044
-0.1432677844311377
-0.0081217564870259
